(+5(+3+4)+5(+3+4+5567+1+2+3+4)+3(+1+2)+3(3456545345)4(65)4(3232123456))
(4(65)6(7+1567+1+2+3+4+5)+3(+1+2)+3(+2+1+27+1+2+3+2+17)+1(67)+1(1234323+17+1))
(6(+17)6(5454345671)6(+17)+1(767+1+2+17+167))
(+5(+3+4)+5(+3+4+5567+1+2+3+4)+3(+1+2)+3(3456545345)4(65)4(3232123456))
(4(65)6(7+1567+1+2+3+4+5)+3(+1+2)+3(+2+1+27+1+2+3+2+17)+1(67)+1(1234323+17+1))
(6(+17)6(5454345671)6(+17)+1(767+1+2+17+167))
(+5(+3+4)+5(+3+4+5567+1+2+3+4)+3(+1+2)+3(3456545345)4(65)4(3232123456))
(4(65)6(7+1567+1+2+3+4+5)+3(+1+2)+3(+2+1+27+1+2+3+2+17)+1(67)+1(1234323+17+1))
(6(+17)6(5454345671)6(+17)+1(767+1+2+17+167))
(+5(+3+4)+5(+3+4+5567+1+2+3+4)+3(+1+2)+3(3456545345)4(65)4(3232123456))
(4(65)6(7+1567+1+2+3+4+5)+3(+1+2)+3(+2+1+27+1+2+3+2+17)+1(67)+1(1234323+17+1))
(6(+17)6(5454345671)6(+17)+1(767+1+2+17+167))
(+5(+3+4)+5(+3+4+5567+1+2+3+4)+3(+1+2)+3(3456545345)4(65)4(3232123456))
(4(65)6(7+1567+1+2+3+4+5)+3(+1+2)+3(+2+1+27+1+2+3+2+17)+1(67)+1(1234323+17+1))
(6(+17)6(5454345671)6(+17)+1(767+1+2+17+167))
(+5(+3+4)+5(+3+4+5567+1+2+3+4)+3(+1+2)+3(3456545345)4(65)4(3232123456))
(4(65)6(7+1567+1+2+3+4+5)+3(+1+2)+3(+2+1+27+1+2+3+2+17)+1(67)+1(1234323+17+1))
(6(+17)6(5454345671)6(+17)+1(767+1+2+17+167))
